chr1	0	200	3	0	3	0	1.0	
chr1	200	400	3	0	3	0	1.0	
chr1	400	600	3	0	3	0	1.0	
chr1	600	800	2	1	3	0	1.0	0.0
chr1	800	1000	2	1	3	0	1.0	0.0
chr1	1000	1200	1	2	2	1	1.0	0.25
chr1	1200	1400	1	2	2	1	1.0	0.25
chr1	1400	1600	1	2	2	1	1.0	0.25
chr1	1600	1800	1	2	2	1	1.0	0.25
chr1	1800	2000	1	2	2	1	1.0	0.25
chr1	2000	2200	1	2	2	1	1.0	0.25
chr1	2200	2400	1	2	2	1	1.0	0.25
chr1	2400	2600	1	2	2	1	1.0	0.25
chr1	2600	2800	1	2	2	1	1.0	0.25
chr1	2800	3000	1	2	2	1	1.0	0.25
chr1	3000	3200	1	2	2	1	1.0	0.25
chr1	3200	3400	1	2	2	1	1.0	0.25
chr1	3400	3600	1	2	2	1	1.0	0.25
chr1	3600	3800	1	2	2	1	1.0	0.25
chr1	3800	4000	1	2	2	1	1.0	0.25
chr1	4000	4200	1	2	2	1	1.0	0.25
chr1	4200	4400	1	2	2	1	1.0	0.25
chr1	4400	4600	1	2	2	1	1.0	0.25
chr1	4600	4800	1	2	2	1	1.0	0.25
chr1	4800	5000	1	2	2	1	1.0	0.25
chr1	5000	5200	1	2	2	1	1.0	0.25
chr1	5200	5400	1	2	2	1	1.0	0.25
chr1	5400	5600	1	2	2	1	1.0	0.25
chr1	5600	5800	1	2	2	1	1.0	0.25
chr1	5800	6000	1	2	2	1	1.0	0.25
chr1	6000	6200	1	2	2	1	1.0	0.25
chr1	6200	6400	1	2	2	1	1.0	0.25
chr1	6400	6600	1	2	2	1	1.0	0.25
chr1	6600	6800	1	2	2	1	1.0	0.25
chr1	6800	7000	1	2	2	1	1.0	0.25
chr1	7000	7200	1	2	2	1	1.0	0.25
chr1	7200	7400	1	2	2	1	1.0	0.25
chr1	7400	7600	1	2	2	1	1.0	0.25
chr1	7600	7800	1	2	2	1	1.0	0.25
chr1	7800	8000	1	2	2	1	1.0	0.25
chr1	8000	8200	1	2	2	1	1.0	0.25
chr1	8200	8400	1	2	2	1	1.0	0.25
chr1	8400	8600	1	2	2	1	1.0	0.25
chr1	8600	8800	1	2	2	1	1.0	0.25
chr1	8800	9000	1	2	2	1	1.0	0.25
chr1	9000	9200	1	2	2	1	1.0	0.25
chr1	9200	9400	1	2	2	1	1.0	0.25
chr1	9400	9600	1	2	2	1	1.0	0.25
chr1	9600	9800	1	2	2	1	1.0	0.25
chr1	9800	10000	1	2	2	1	1.0	0.25
chr2	0	200	0	3	0	3	1.0	
chr2	200	400	0	3	0	3	1.0	
chr2	400	600	0	3	0	3	1.0	
chr2	600	800	0	3	0	3	1.0	
chr2	800	1000	0	3	0	3	1.0	
chr3	0	100	0	3	0	3	1.0	
